0.02, 7.54375687320082e-05
0.0211685, 8.449235739193777e-05
0.0224052, 9.463108320315511e-05
0.0237143, 0.0001059847161943059
0.0250997, 0.00011869510345770296
0.02, , 0.0003993751344325319
0.0211685, , 0.0003993751344325319
0.0224052, , 0.0003993751344325319
0.0237143, , 0.0003993751344325319
0.0250997, , 0.0003993751344325319
0.02, , 0.00039936517627688946
0.0211685, , 0.00039936517627688946
0.0224052, , 0.00039936517627688946
0.0237143, , 0.00039936517627688946
0.0250997, , 0.00039936517627688946
0.02, , 0.0003993546288902862
0.0211685, , 0.0003993546288902862
0.0224052, , 0.0003993546288902862
0.0237143, , 0.0003993546288902862
0.0250997, , 0.0003993546288902862
0.02, , 0.000399343664239422
0.0211685, , 0.000399343664239422
0.0224052, , 0.000399343664239422
0.0237143, , 0.000399343664239422
0.0250997, , 0.000399343664239422
0.02, , 0.0003993321478560097
0.0211685, , 0.0003993321478560097
0.0224052, , 0.0003993321478560097
0.0237143, , 0.0003993321478560097
0.0250997, , 0.0003993321478560097
0.02, 7.54375687320082e-05
0.0211685, 8.449235739193777e-05
0.0224052, 9.463108320315511e-05
0.0237143, 0.0001059847161943059
0.0250997, 0.00011869510345770296
